5b 7b 22 69 64 22 3a 31 2c 22 6e 61 6d 65 22 3a 
22 64 65 76 69 63 65 5f 31 22 2c 22 6d 61 63 41 
64 64 72 65 73 73 22 3a 22 30 31 3a 30 32 3a 30 
33 3a 30 34 3a 30 34 3a 30 36 22 2c 22 74 6f 6b 
65 6e 22 3a 22 42 65 61 72 65 72 20 65 79 4a 68 
62 47 63 69 4f 69 4a 49 55 7a 55 78 4d 69 4a 39 
2e 65 79 4a 71 64 47 6b 69 4f 69 4a 35 4e 48 4e 
6c 53 6c 64 55 49 69 77 69 63 33 56 69 49 6a 6f 
69 4d 44 45 36 4d 44 49 36 4d 44 4d 36 4d 44 51 
36 4d 44 51 36 4d 44 59 69 4c 43 4a 68 64 58 52 
6f 62 33 4a 70 64 47 6c 6c 63 79 49 36 57 79 4a 
53 54 30 78 46 58 30 52 46 56 6b 6c 44 52 53 4a 
64 66 51 2e 7a 78 79 35 64 66 64 69 6e 6b 55 31 
69 6e 30 6b 58 76 5f 2d 48 42 69 46 42 70 36 47 
35 5f 64 6e 4a 4e 64 44 2d 6d 4e 2d 46 61 4b 55 
76 6c 45 64 46 6d 4d 59 6e 79 50 6d 64 32 72 53 
4a 73 46 59 4f 42 44 6e 48 79 44 55 2d 42 53 4a 
6f 78 76 68 4e 63 38 79 36 67 22 2c 22 62 61 74 
74 65 72 79 4c 65 76 65 6c 22 3a 30 2c 22 6c 61 
73 74 53 79 6e 63 22 3a 22 32 30 32 30 2d 31 32 
2d 30 39 54 32 30 3a 32 31 3a 33 37 2e 30 30 30 
2b 30 30 3a 30 30 22 2c 22 6c 61 74 69 74 75 64 
65 22 3a 30 2e 30 2c 22 6c 6f 6e 67 69 74 75 64 
65 22 3a 30 2e 30 2c 22 6f 74 70 22 3a 22 49 33 
5a 6c 6c 30 22 2c 22 70 72 65 73 65 6e 74 22 3a 
66 61 6c 73 65 7d 2c 7b 22 69 64 22 3a 32 2c 22 
6e 61 6d 65 22 3a 6e 75 6c 6c 2c 22 6d 61 63 41 
64 64 72 65 73 73 22 3a 22 30 31 3a 30 32 3a 30 
33 3a 30 34 3a 30 35 3a 30 36 22 2c 22 74 6f 6b 
65 6e 22 3a 22 42 65 61 72 65 72 20 65 79 4a 68 
62 47 63 69 4f 69 4a 49 55 7a 55 78 4d 69 4a 39 
2e 65 79 4a 71 64 47 6b 69 4f 69 4a 35 4e 48 4e 
6c 53 6c 64 55 49 69 77 69 63 33 56 69 49 6a 6f 
69 4d 44 45 36 4d 44 49 36 4d 44 4d 36 4d 44 51 
36 4d 44 55 36 4d 44 59 69 4c 43 4a 68 64 58 52 
6f 62 33 4a 70 64 47 6c 6c 63 79 49 36 57 79 4a 
53 54 30 78 46 58 30 52 46 56 6b 6c 44 52 53 4a 
64 66 51 2e 6b 31 54 74 66 44 58 73 39 54 6b 6c 
74 61 42 31 71 66 47 74 32 78 4c 47 4d 6c 46 55 
66 6b 42 43 79 6f 6e 6f 2d 78 59 34 61 49 4a 63 
45 63 75 65 4f 6f 4f 38 50 7a 6c 4e 43 33 79 47 
5a 6b 6a 78 54 47 52 4e 4b 76 76 42 47 58 4b 45 
62 74 34 4e 5a 62 30 59 66 67 22 2c 22 62 61 74 
74 65 72 79 4c 65 76 65 6c 22 3a 30 2c 22 6c 61 
73 74 53 79 6e 63 22 3a 22 32 30 32 30 2d 31 32 
2d 31 30 54 30 31 3a 33 36 3a 33 34 2e 30 30 30 
2b 30 30 3a 30 30 22 2c 22 6c 61 74 69 74 75 64 
65 22 3a 30 2e 30 2c 22 6c 6f 6e 67 69 74 75 64 
65 22 3a 30 2e 30 2c 22 6f 74 70 22 3a 22 6c 71 
44 33 34 55 22 2c 22 70 72 65 73 65 6e 74 22 3a 
74 72 75 65 7d 2c 7b 22 69 64 22 3a 35 2c 22 6e 
61 6d 65 22 3a 6e 75 6c 6c 2c 22 6d 61 63 41 64 
64 72 65 73 73 22 3a 22 30 31 3a 30 32 3a 30 33 
3a 30 34 3a 30 35 3a 30 37 22 2c 22 74 6f 6b 65 
6e 22 3a 22 42 65 61 72 65 72 20 65 79 4a 68 62 
47 63 69 4f 69 4a 49 55 7a 55 78 4d 69 4a 39 2e 
65 79 4a 71 64 47 6b 69 4f 69 4a 35 4e 48 4e 6c 
53 6c 64 55 49 69 77 69 63 33 56 69 49 6a 6f 69 
4d 44 45 36 4d 44 49 36 4d 44 4d 36 4d 44 51 36 
4d 44 55 36 4d 44 63 69 4c 43 4a 68 64 58 52 6f 
62 33 4a 70 64 47 6c 6c 63 79 49 36 57 79 4a 53 
54 30 78 46 58 30 52 46 56 6b 6c 44 52 53 4a 64 
66 51 2e 37 30 42 68 58 54 6f 59 42 52 43 7a 4c 
42 43 6a 67 52 62 4c 37 59 38 55 48 56 5a 2d 61 
61 59 7a 71 4d 33 31 6e 57 66 62 4b 4d 55 69 73 
7a 6a 43 78 5f 48 6f 41 6a 44 59 76 61 79 58 71 
36 55 70 55 71 6d 43 66 78 59 51 69 64 69 51 52 
61 6c 55 50 46 39 61 6c 77 22 2c 22 62 61 74 74 
65 72 79 4c 65 76 65 6c 22 3a 30 2c 22 6c 61 73 
74 53 79 6e 63 22 3a 22 32 30 32 30 2d 31 32 2d 
31 30 54 30 31 3a 33 34 3a 30 31 2e 30 30 30 2b 
30 30 3a 30 30 22 2c 22 6c 61 74 69 74 75 64 65 
22 3a 30 2e 30 2c 22 6c 6f 6e 67 69 74 75 64 65 
22 3a 30 2e 30 2c 22 6f 74 70 22 3a 22 70 6f 69 
74 48 75 22 2c 22 70 72 65 73 65 6e 74 22 3a 66 
61 6c 73 65 7d 2c 7b 22 69 64 22 3a 36 2c 22 6e 
61 6d 65 22 3a 22 74 65 73 74 5f 64 65 76 69 63 
65 22 2c 22 6d 61 63 41 64 64 72 65 73 73 22 3a 
22 30 31 3a 30 32 3a 30 33 3a 30 34 3a 30 35 3a 
30 38 22 2c 22 74 6f 6b 65 6e 22 3a 22 42 65 61 
72 65 72 20 65 79 4a 68 62 47 63 69 4f 69 4a 49 
55 7a 55 78 4d 69 4a 39 2e 65 79 4a 71 64 47 6b 
69 4f 69 4a 35 4e 48 4e 6c 53 6c 64 55 49 69 77 
69 63 33 56 69 49 6a 6f 69 4d 44 45 36 4d 44 49 
36 4d 44 4d 36 4d 44 51 36 4d 44 55 36 4d 44 67 
69 4c 43 4a 68 64 58 52 6f 62 33 4a 70 64 47 6c 
6c 63 79 49 36 57 79 4a 53 54 30 78 46 58 30 52 
46 56 6b 6c 44 52 53 4a 64 66 51 2e 4f 57 6b 72 
41 36 4c 6d 34 4d 4b 59 65 31 38 73 38 2d 69 30 
6b 64 68 76 32 42 36 32 51 55 38 42 54 4a 43 74 
52 50 46 39 6f 75 73 75 58 34 77 61 53 31 36 6a 
47 34 6f 44 59 69 33 43 41 6d 6e 63 5a 59 72 50 
76 6c 62 62 47 53 75 4b 65 6f 6b 50 58 65 33 53 
52 77 22 2c 22 62 61 74 74 65 72 79 4c 65 76 65 
6c 22 3a 30 2c 22 6c 61 73 74 53 79 6e 63 22 3a 
22 32 30 32 30 2d 31 32 2d 31 30 54 30 31 3a 33 
35 3a 31 39 2e 30 30 30 2b 30 30 3a 30 30 22 2c 
22 6c 61 74 69 74 75 64 65 22 3a 30 2e 30 2c 22 
6c 6f 6e 67 69 74 75 64 65 22 3a 30 2e 30 2c 22 
6f 74 70 22 3a 22 73 62 4b 74 74 45 22 2c 22 70 
72 65 73 65 6e 74 22 3a 66 61 6c 73 65 7d 5d 